17,2
17,1
17,3
15,2
15,1
15,3
16,2
16,1
16,3
13,2
4,26
4,25
4,4
4,33
4,35
4,17
4,64
4,23
4,68
4,29
4,1
4,31
4,2
4,3
6,4
6,1
6,5
6,2
6,3
7,8
7,7
7,4
7,5
7,1
7,9
7,2
7,3
5,4
5,2
5,1
5,3
87,52
87,51
87,50
87,49
87,48
87,47
87,46
87,45
87,44
87,43
87,42
87,41
87,40
87,39
87,38
87,37
87,36
87,35
10,174
10,260
10,126
10,248
10,258
10,178
11,16
8,13
20,3
20,2
20,1
19,3
19,2
19,1
18,3
18,1
14,4
14,3
14,2
14,1
14,0
13,3
13,1
12,3
12,2
12,1
11,28
11,26
11,24
11,22
11,20
11,18
11,14
11,12
11,10
11,8
11,6
11,4
11,3
11,2
11,1
10,298
10,292
10,286
10,284
10,282
10,280
10,276
10,252
10,230
10,226
10,218
10,216
10,202
10,194
10,182
10,160
10,130
10,108
10,102
10,100
10,96
10,78
